559
393
1020
808
81
108
283
310
537
205
166
454
498
898
775
326
124
706
189
1016
332
488
932
909
144
551
194
611
298
927
884
922
870
406
448
305
303
592
163
1002
293
199
261
773
1011
991
872
212
427
365
9
15
667
727
18
529
4
850
217
174
290
317
600
1005
624
489
476
463
420
207
339
518
574
985
300
605
917
213
608
918
100
429
80
416
785
176
577
13
562
175
542
466
95
792
106
492
743
618
417
857
251
762
757
1022
507
297
465
869
247
999
184
916
401
230
644
302
137
641
860
504
680
153
525
459
158
190
412
1018
434
495
1015
768
233
438
824
817
751
705
415
558
328
583
688
742
470
291
83
120
371
635
70
921
515
375
376
380
350
503
17
867
330
718
662
548
538
479
265
587
170
980
428
12
539
272
89
86
235
973
309
336
584
231
789
348
955
160
152
281
905
923
491
133
779
737
287
319
195
145
760
486
934
55
530
787
437
262
846
279
396
888
481
224
403
324
679
384
274
578
206
631
506
971
660
42
684
570
626
301
426
282
354
674
992
373
1023
121
435
738
295
478
953
322
691
131
545
822
342
670
847
408
277
329
449
50
566
425
520
132
957
226
394
343
596
942
666
117
75
469
703
832
936
59
340
358
499
910
844
653
521
347
186
834
982
74
895
85
243
464
675
388
655
745
941
633
24
141
255
209
494
82
638
964
560
758
925
951
858
364
104
450
236
534
1012
1004
370
783
304
188
902
284
72
972
796
299
41
496
198
853
665
911
419
988
240
979
182
215
130
987
928
391
733
268
704
949
111
48
804
436
763
729
632
101
841
873
597
547
139
598
442
623
767
1
766
382
77
805
947
263
900
604
192
155
87
36
27
656
2
278
271
750
47
524
628
229
876
959
514
191
1001
994
510
586
864
228
828
690
664
33
220
748
472
572
114
40
474
642
323
920
725
341
647
672
830
257
591
462
831
254
640
307
646
734
945
669
267
218
599
746
593
430
107
528
837
661
405
827
52
634
673
753
908
780
156
497
458
219
636
64
196
765
484
541
986
609
694
744
940
695
937
93
53
353
815
550
511
565
926
790
285
820
519
799
576
568
603
335
813
747
467
200
929
724
848
455
739
147
349
740
38
893
825
829
493
546
952
313
650
569
681
410